0 0.531250 0.858590 0.012500 0.054688
0 0.583590 0.685937 0.014063 0.050000
0 0.539840 0.719531 0.017188 0.054688
0 0.583590 0.757031 0.014063 0.051562
0 0.560156 0.771090 0.014063 0.057813
0 0.535937 0.792969 0.015625 0.051562
0 0.580469 0.842187 0.014063 0.056250
0 0.564840 0.682813 0.014063 0.050000
0 0.546090 0.656250 0.014063 0.046875
0 0.568750 0.629687 0.012500 0.040625
0 0.551562 0.599219 0.015625 0.045312
0 0.554688 0.538281 0.012500 0.039062
0 0.573438 0.575000 0.015625 0.037500
0 0.575000 0.529687 0.012500 0.040625
0 0.575781 0.482812 0.010937 0.040625
0 0.563281 0.418750 0.010937 0.037500
0 0.580469 0.416406 0.014063 0.039062
0 0.555469 0.843750 0.014063 0.046875
0 0.886719 0.715625 0.029687 0.034375
0 0.922656 0.728125 0.032813 0.021875
0 0.955469 0.727340 0.029687 0.020313
0 0.971090 0.692187 0.014063 0.040625
0 0.867969 0.662500 0.017188 0.043750
0 0.981250 0.727340 0.028125 0.020313
0 0.859375 0.607812 0.015625 0.046875
0 0.857812 0.564063 0.012500 0.037500
0 0.846090 0.427340 0.014063 0.035937
0 0.842187 0.385937 0.012500 0.031250
0 0.840625 0.350000 0.012500 0.031250
0 0.878906 0.218750 0.010937 0.037500
0 0.893750 0.231250 0.009375 0.034375
0 0.904687 0.228906 0.009375 0.029687
0 0.918750 0.228906 0.009375 0.032813
0 0.932031 0.229687 0.014063 0.034375
0 0.945312 0.235937 0.009375 0.031250
0 0.958590 0.237500 0.010937 0.028125
0 0.971090 0.239063 0.010937 0.028125
0 0.982812 0.242969 0.009375 0.029687
0 0.995313 0.248438 0.009375 0.031250
0 0.972656 0.311719 0.010937 0.026562
0 0.987500 0.320312 0.015625 0.034375
