0 0.507031 0.565625 0.026562 0.078125
0 0.753125 0.494531 0.043750 0.029687
0 0.753906 0.457031 0.042188 0.029687
0 0.617969 0.401562 0.035937 0.046875
0 0.529687 0.381250 0.018750 0.078125
0 0.474219 0.180469 0.014063 0.073438
0 0.265625 0.579688 0.040625 0.028125
0 0.261719 0.637500 0.042188 0.031250
0 0.208590 0.574219 0.039062 0.029687
0 0.513281 0.118750 0.017188 0.068750
0 0.814840 0.450781 0.042188 0.029687
0 0.764062 0.538281 0.040625 0.029687
0 0.883590 0.485156 0.042188 0.029687
0 0.816406 0.492188 0.039062 0.028125
0 0.941406 0.491406 0.045312 0.029687
0 0.514062 0.957031 0.021875 0.051562
0 0.537500 0.921090 0.028125 0.079687
0 0.625781 0.856250 0.020313 0.065625
