0 0.028125 0.377778 0.053125 0.233333
0 0.106250 0.379167 0.059375 0.241667
0 0.188281 0.358333 0.054688 0.222222
0 0.276562 0.363889 0.056250 0.227778
0 0.361719 0.384722 0.067187 0.269444
0 0.448437 0.372222 0.059375 0.250000
0 0.529687 0.373611 0.062500 0.236111
0 0.616406 0.362500 0.054688 0.236111
0 0.700000 0.377778 0.068750 0.272222
0 0.789062 0.356940 0.065625 0.225000
0 0.875000 0.352778 0.056250 0.222222
0 0.962500 0.355556 0.056250 0.222222
0 0.028125 0.647222 0.053125 0.288889
0 0.102340 0.654167 0.067187 0.275000
0 0.187500 0.651389 0.059375 0.291667
0 0.275000 0.673611 0.053125 0.236111
0 0.358590 0.677778 0.064062 0.227778
0 0.446090 0.681940 0.054688 0.213889
0 0.530469 0.681940 0.054688 0.213889
0 0.616406 0.666667 0.054688 0.222222
0 0.700781 0.670833 0.057813 0.247222
0 0.789840 0.670833 0.060937 0.241667
0 0.871090 0.666667 0.067187 0.255556
0 0.957812 0.665278 0.065625 0.247222
