0 0.028906 0.334722 0.054688 0.230556
0 0.104688 0.338889 0.056250 0.233333
0 0.189840 0.319440 0.051562 0.222222
0 0.277340 0.323611 0.057813 0.230556
0 0.359375 0.343056 0.062500 0.269444
0 0.446090 0.326389 0.057813 0.241667
0 0.529687 0.330556 0.059375 0.244444
0 0.615625 0.320833 0.056250 0.230556
0 0.700781 0.334722 0.067187 0.269444
0 0.791406 0.319440 0.057813 0.227778
0 0.872656 0.316667 0.057813 0.227778
0 0.957031 0.311111 0.057813 0.227778
0 0.028125 0.608333 0.053125 0.300000
0 0.101562 0.613889 0.062500 0.277778
0 0.188281 0.604167 0.064062 0.302778
0 0.276562 0.631940 0.056250 0.236111
0 0.359375 0.633333 0.062500 0.222222
0 0.442969 0.641667 0.054688 0.211111
0 0.530469 0.638889 0.057813 0.216667
0 0.617969 0.627778 0.057813 0.216667
0 0.702340 0.629167 0.064062 0.236111
0 0.786719 0.626389 0.064062 0.236111
0 0.872656 0.627778 0.064062 0.255556
0 0.956250 0.622222 0.065625 0.244444
0 0.030469 0.938889 0.057813 0.122222
0 0.112500 0.938889 0.059375 0.122222
0 0.198437 0.938889 0.059375 0.122222
0 0.281250 0.938889 0.059375 0.122222
0 0.367969 0.936111 0.057813 0.127778
0 0.543750 0.934722 0.068750 0.130556
0 0.453125 0.934722 0.068750 0.130556
0 0.627340 0.933333 0.057813 0.133333
0 0.714063 0.934722 0.065625 0.130556
0 0.803906 0.936111 0.060937 0.127778
0 0.889840 0.941667 0.064062 0.116667
0 0.971090 0.936111 0.057813 0.127778
