0 0.029687 0.845833 0.056250 0.219444
0 0.112500 0.852778 0.062500 0.233333
0 0.192969 0.855556 0.057813 0.244444
0 0.282031 0.850000 0.054688 0.238889
0 0.364840 0.856940 0.057813 0.263889
0 0.450781 0.868056 0.057813 0.263889
0 0.535156 0.868056 0.057813 0.263889
0 0.620313 0.858333 0.053125 0.244444
0 0.711719 0.847222 0.051562 0.222222
0 0.796090 0.856940 0.067187 0.236111
0 0.880469 0.856940 0.067187 0.241667
0 0.965625 0.859722 0.068750 0.258333
0 0.027340 0.465278 0.051562 0.302778
0 0.098437 0.472222 0.065625 0.283333
0 0.185156 0.465278 0.064062 0.297222
0 0.274219 0.483333 0.057813 0.244444
0 0.355469 0.494440 0.057813 0.227778
0 0.439840 0.501389 0.057813 0.208333
0 0.526563 0.502778 0.062500 0.211111
0 0.610156 0.487500 0.057813 0.225000
0 0.696875 0.490278 0.062500 0.236111
0 0.785937 0.484722 0.062500 0.236111
0 0.867969 0.487500 0.064062 0.247222
0 0.954688 0.477778 0.068750 0.250000
0 0.029687 0.230556 0.056250 0.172222
0 0.103906 0.230556 0.067187 0.172222
0 0.185156 0.220833 0.054688 0.147222
0 0.274219 0.223611 0.054688 0.158333
0 0.353906 0.240278 0.064062 0.191667
0 0.443750 0.225000 0.062500 0.166667
0 0.528125 0.230556 0.062500 0.166667
0 0.610156 0.215278 0.057813 0.158333
0 0.697656 0.237500 0.067187 0.180556
0 0.788281 0.215278 0.057813 0.141667
0 0.870313 0.215278 0.056250 0.141667
0 0.951562 0.208333 0.059375 0.127778
